Id:ID¿Type¿SubType¿FunctionContext¿IdentifierName¿Raw¿InternalStructure¿Location¿Code¿Label:LABEL
495¿Program¿¿-1¿¿¿¿{"start":{"line":2,"column":0},"end":{"line":74,"column":1},"fname":"/datasets/secbench-dataset/CWE-471/component-flatten_1.0.1/src/index.js"}¿¿Program
496¿VariableDeclarator¿¿860¿semver¿¿¿{"start":{"line":2,"column":4},"end":{"line":2,"column":30},"fname":"/datasets/secbench-dataset/CWE-471/component-flatten_1.0.1/src/index.js"}¿¿VariableDeclarator
497¿CallExpression¿¿860¿¿¿¿{"start":{"line":2,"column":13},"end":{"line":2,"column":30},"fname":"/datasets/secbench-dataset/CWE-471/component-flatten_1.0.1/src/index.js"}¿¿CallExpression
498¿Identifier¿¿860¿require¿¿¿{"start":{"line":2,"column":13},"end":{"line":2,"column":20},"fname":"/datasets/secbench-dataset/CWE-471/component-flatten_1.0.1/src/index.js"}¿¿Identifier
499¿Literal¿string¿860¿¿'semver'¿¿{"start":{"line":2,"column":21},"end":{"line":2,"column":29},"fname":"/datasets/secbench-dataset/CWE-471/component-flatten_1.0.1/src/index.js"}¿¿Literal
500¿VariableDeclarator¿exported¿860¿v90¿¿¿{"start":{"line":13,"column":0},"end":{"line":74,"column":1},"fname":"/datasets/secbench-dataset/CWE-471/component-flatten_1.0.1/src/index.js"}¿¿VariableDeclarator
501¿FunctionExpression¿¿860¿anon¿¿¿{"start":{"line":13,"column":17},"end":{"line":74,"column":1},"fname":"/datasets/secbench-dataset/CWE-471/component-flatten_1.0.1/src/index.js"}¿¿FunctionExpression
502¿Identifier¿¿0¿tree¿¿¿{"start":{"line":13,"column":27},"end":{"line":13,"column":31},"fname":"/datasets/secbench-dataset/CWE-471/component-flatten_1.0.1/src/index.js"}¿¿Identifier
503¿VariableDeclarator¿¿862¿resolved¿¿¿{"start":{"line":14,"column":6},"end":{"line":14,"column":19},"fname":"/datasets/secbench-dataset/CWE-471/component-flatten_1.0.1/src/index.js"}¿¿VariableDeclarator
504¿ArrayExpression¿¿862¿¿¿¿{"start":{"line":14,"column":17},"end":{"line":14,"column":19},"fname":"/datasets/secbench-dataset/CWE-471/component-flatten_1.0.1/src/index.js"}¿¿ArrayExpression
505¿VariableDeclarator¿¿862¿deps¿¿¿{"start":{"line":15,"column":6},"end":{"line":15,"column":15},"fname":"/datasets/secbench-dataset/CWE-471/component-flatten_1.0.1/src/index.js"}¿¿VariableDeclarator
506¿ObjectExpression¿¿862¿¿¿¿¿¿ObjectExpression
507¿VariableDeclarator¿¿862¿dependencies¿¿¿{"start":{"line":16,"column":6},"end":{"line":16,"column":23},"fname":"/datasets/secbench-dataset/CWE-471/component-flatten_1.0.1/src/index.js"}¿¿VariableDeclarator
508¿ArrayExpression¿¿862¿¿¿¿{"start":{"line":16,"column":21},"end":{"line":16,"column":23},"fname":"/datasets/secbench-dataset/CWE-471/component-flatten_1.0.1/src/index.js"}¿¿ArrayExpression
509¿VariableDeclarator¿¿862¿locals¿¿¿{"start":{"line":17,"column":6},"end":{"line":17,"column":17},"fname":"/datasets/secbench-dataset/CWE-471/component-flatten_1.0.1/src/index.js"}¿¿VariableDeclarator
510¿ArrayExpression¿¿862¿¿¿¿{"start":{"line":17,"column":15},"end":{"line":17,"column":17},"fname":"/datasets/secbench-dataset/CWE-471/component-flatten_1.0.1/src/index.js"}¿¿ArrayExpression
511¿VariableDeclarator¿¿862¿duplicates¿¿¿{"start":{"line":20,"column":6},"end":{"line":20,"column":21},"fname":"/datasets/secbench-dataset/CWE-471/component-flatten_1.0.1/src/index.js"}¿¿VariableDeclarator
512¿ObjectExpression¿¿862¿¿¿¿¿¿ObjectExpression
513¿VariableDeclarator¿¿862¿v46¿¿¿{"start":{"line":22,"column":2},"end":{"line":22,"column":16},"fname":"/datasets/secbench-dataset/CWE-471/component-flatten_1.0.1/src/index.js"}¿¿VariableDeclarator
514¿CallExpression¿¿862¿¿¿¿{"start":{"line":22,"column":2},"end":{"line":22,"column":16},"fname":"/datasets/secbench-dataset/CWE-471/component-flatten_1.0.1/src/index.js"}¿¿CallExpression
515¿Identifier¿¿862¿traverse¿¿¿{"start":{"line":22,"column":2},"end":{"line":22,"column":10},"fname":"/datasets/secbench-dataset/CWE-471/component-flatten_1.0.1/src/index.js"}¿¿Identifier
516¿Identifier¿¿862¿tree¿¿¿{"start":{"line":22,"column":11},"end":{"line":22,"column":15},"fname":"/datasets/secbench-dataset/CWE-471/component-flatten_1.0.1/src/index.js"}¿¿Identifier
517¿ExpressionStatement¿¿862¿¿¿¿{"start":{"line":22,"column":2},"end":{"line":22,"column":16},"fname":"/datasets/secbench-dataset/CWE-471/component-flatten_1.0.1/src/index.js"}¿¿ExpressionStatement
518¿Identifier¿¿862¿v46¿¿¿¿¿Identifier
519¿VariableDeclarator¿¿862¿v47¿¿¿{"start":{"line":25,"column":2},"end":{"line":25,"column":19},"fname":"/datasets/secbench-dataset/CWE-471/component-flatten_1.0.1/src/index.js"}¿¿VariableDeclarator
520¿CallExpression¿¿862¿¿¿¿{"start":{"line":25,"column":2},"end":{"line":25,"column":19},"fname":"/datasets/secbench-dataset/CWE-471/component-flatten_1.0.1/src/index.js"}¿¿CallExpression
521¿MemberExpression¿¿862¿¿¿¿{"start":{"line":25,"column":2},"end":{"line":25,"column":13},"fname":"/datasets/secbench-dataset/CWE-471/component-flatten_1.0.1/src/index.js"}¿¿MemberExpression
522¿Identifier¿¿862¿Object¿¿¿{"start":{"line":25,"column":2},"end":{"line":25,"column":8},"fname":"/datasets/secbench-dataset/CWE-471/component-flatten_1.0.1/src/index.js"}¿¿Identifier
523¿Identifier¿¿862¿keys¿¿¿{"start":{"line":25,"column":9},"end":{"line":25,"column":13},"fname":"/datasets/secbench-dataset/CWE-471/component-flatten_1.0.1/src/index.js"}¿¿Identifier
524¿Identifier¿¿862¿deps¿¿¿{"start":{"line":25,"column":14},"end":{"line":25,"column":18},"fname":"/datasets/secbench-dataset/CWE-471/component-flatten_1.0.1/src/index.js"}¿¿Identifier
525¿VariableDeclarator¿¿862¿v61¿¿¿{"start":{"line":25,"column":28},"end":{"line":42,"column":3},"fname":"/datasets/secbench-dataset/CWE-471/component-flatten_1.0.1/src/index.js"}¿¿VariableDeclarator
526¿FunctionExpression¿¿862¿anon¿¿¿{"start":{"line":25,"column":28},"end":{"line":42,"column":3},"fname":"/datasets/secbench-dataset/CWE-471/component-flatten_1.0.1/src/index.js"}¿¿FunctionExpression
527¿Identifier¿¿0¿name¿¿¿{"start":{"line":25,"column":38},"end":{"line":25,"column":42},"fname":"/datasets/secbench-dataset/CWE-471/component-flatten_1.0.1/src/index.js"}¿¿Identifier
528¿VariableDeclarator¿¿864¿branches¿¿¿{"start":{"line":26,"column":8},"end":{"line":26,"column":29},"fname":"/datasets/secbench-dataset/CWE-471/component-flatten_1.0.1/src/index.js"}¿¿VariableDeclarator
529¿MemberExpression¿computed¿864¿¿¿¿{"start":{"line":26,"column":19},"end":{"line":26,"column":29},"fname":"/datasets/secbench-dataset/CWE-471/component-flatten_1.0.1/src/index.js"}¿¿MemberExpression
530¿Identifier¿¿864¿deps¿¿¿{"start":{"line":26,"column":19},"end":{"line":26,"column":23},"fname":"/datasets/secbench-dataset/CWE-471/component-flatten_1.0.1/src/index.js"}¿¿Identifier
531¿Identifier¿¿864¿name¿¿¿{"start":{"line":26,"column":24},"end":{"line":26,"column":28},"fname":"/datasets/secbench-dataset/CWE-471/component-flatten_1.0.1/src/index.js"}¿¿Identifier
532¿VariableDeclarator¿¿864¿releases¿¿¿{"start":{"line":27,"column":8},"end":{"line":27,"column":40},"fname":"/datasets/secbench-dataset/CWE-471/component-flatten_1.0.1/src/index.js"}¿¿VariableDeclarator
533¿CallExpression¿¿864¿¿¿¿{"start":{"line":27,"column":19},"end":{"line":27,"column":40},"fname":"/datasets/secbench-dataset/CWE-471/component-flatten_1.0.1/src/index.js"}¿¿CallExpression
534¿MemberExpression¿¿864¿¿¿¿{"start":{"line":27,"column":19},"end":{"line":27,"column":30},"fname":"/datasets/secbench-dataset/CWE-471/component-flatten_1.0.1/src/index.js"}¿¿MemberExpression
535¿Identifier¿¿864¿Object¿¿¿{"start":{"line":27,"column":19},"end":{"line":27,"column":25},"fname":"/datasets/secbench-dataset/CWE-471/component-flatten_1.0.1/src/index.js"}¿¿Identifier
536¿Identifier¿¿864¿keys¿¿¿{"start":{"line":27,"column":26},"end":{"line":27,"column":30},"fname":"/datasets/secbench-dataset/CWE-471/component-flatten_1.0.1/src/index.js"}¿¿Identifier
537¿Identifier¿¿864¿branches¿¿¿{"start":{"line":27,"column":31},"end":{"line":27,"column":39},"fname":"/datasets/secbench-dataset/CWE-471/component-flatten_1.0.1/src/index.js"}¿¿Identifier
538¿VariableDeclarator¿¿864¿v48¿¿¿{"start":{"line":29,"column":8},"end":{"line":29,"column":23},"fname":"/datasets/secbench-dataset/CWE-471/component-flatten_1.0.1/src/index.js"}¿¿VariableDeclarator
539¿MemberExpression¿¿864¿¿¿¿{"start":{"line":29,"column":8},"end":{"line":29,"column":23},"fname":"/datasets/secbench-dataset/CWE-471/component-flatten_1.0.1/src/index.js"}¿¿MemberExpression
540¿Identifier¿¿864¿releases¿¿¿{"start":{"line":29,"column":8},"end":{"line":29,"column":16},"fname":"/datasets/secbench-dataset/CWE-471/component-flatten_1.0.1/src/index.js"}¿¿Identifier
541¿Identifier¿¿864¿length¿¿¿{"start":{"line":29,"column":17},"end":{"line":29,"column":23},"fname":"/datasets/secbench-dataset/CWE-471/component-flatten_1.0.1/src/index.js"}¿¿Identifier
542¿VariableDeclarator¿¿864¿v49¿¿¿{"start":{"line":29,"column":8},"end":{"line":29,"column":27},"fname":"/datasets/secbench-dataset/CWE-471/component-flatten_1.0.1/src/index.js"}¿¿VariableDeclarator
543¿BinaryExpression¿>¿864¿¿¿¿{"start":{"line":29,"column":8},"end":{"line":29,"column":27},"fname":"/datasets/secbench-dataset/CWE-471/component-flatten_1.0.1/src/index.js"}¿¿BinaryExpression
544¿Identifier¿¿864¿v48¿¿¿¿¿Identifier
545¿Literal¿number¿864¿¿1¿¿{"start":{"line":29,"column":26},"end":{"line":29,"column":27},"fname":"/datasets/secbench-dataset/CWE-471/component-flatten_1.0.1/src/index.js"}¿¿Literal
546¿IfStatement¿¿864¿¿¿¿{"start":{"line":29,"column":4},"end":{"line":29,"column":57},"fname":"/datasets/secbench-dataset/CWE-471/component-flatten_1.0.1/src/index.js"}¿¿IfStatement
547¿Identifier¿¿864¿v49¿¿¿¿¿Identifier
548¿ExpressionStatement¿¿864¿¿¿¿{"start":{"line":29,"column":29},"end":{"line":29,"column":57},"fname":"/datasets/secbench-dataset/CWE-471/component-flatten_1.0.1/src/index.js"}¿¿ExpressionStatement
549¿AssignmentExpression¿=¿864¿¿¿¿{"start":{"line":29,"column":29},"end":{"line":29,"column":56},"fname":"/datasets/secbench-dataset/CWE-471/component-flatten_1.0.1/src/index.js"}¿¿AssignmentExpression
550¿MemberExpression¿computed¿864¿¿¿¿{"start":{"line":29,"column":29},"end":{"line":29,"column":45},"fname":"/datasets/secbench-dataset/CWE-471/component-flatten_1.0.1/src/index.js"}¿¿MemberExpression
551¿Identifier¿¿864¿duplicates¿¿¿{"start":{"line":29,"column":29},"end":{"line":29,"column":39},"fname":"/datasets/secbench-dataset/CWE-471/component-flatten_1.0.1/src/index.js"}¿¿Identifier
552¿Identifier¿¿864¿name¿¿¿{"start":{"line":29,"column":40},"end":{"line":29,"column":44},"fname":"/datasets/secbench-dataset/CWE-471/component-flatten_1.0.1/src/index.js"}¿¿Identifier
553¿Identifier¿¿864¿branches¿¿¿{"start":{"line":29,"column":48},"end":{"line":29,"column":56},"fname":"/datasets/secbench-dataset/CWE-471/component-flatten_1.0.1/src/index.js"}¿¿Identifier
554¿BlockStatement¿¿864¿¿¿¿¿¿BlockStatement
555¿VariableDeclarator¿¿864¿v53¿¿¿{"start":{"line":32,"column":12},"end":{"line":36,"column":5},"fname":"/datasets/secbench-dataset/CWE-471/component-flatten_1.0.1/src/index.js"}¿¿VariableDeclarator
556¿FunctionExpression¿¿864¿anon¿¿¿{"start":{"line":32,"column":12},"end":{"line":36,"column":5},"fname":"/datasets/secbench-dataset/CWE-471/component-flatten_1.0.1/src/index.js"}¿¿FunctionExpression
557¿Identifier¿¿0¿release¿¿¿{"start":{"line":32,"column":22},"end":{"line":32,"column":29},"fname":"/datasets/secbench-dataset/CWE-471/component-flatten_1.0.1/src/index.js"}¿¿Identifier
558¿VariableDeclarator¿¿867¿v50¿¿¿{"start":{"line":33,"column":10},"end":{"line":33,"column":31},"fname":"/datasets/secbench-dataset/CWE-471/component-flatten_1.0.1/src/index.js"}¿¿VariableDeclarator
559¿CallExpression¿¿867¿¿¿¿{"start":{"line":33,"column":10},"end":{"line":33,"column":31},"fname":"/datasets/secbench-dataset/CWE-471/component-flatten_1.0.1/src/index.js"}¿¿CallExpression
560¿MemberExpression¿¿867¿¿¿¿{"start":{"line":33,"column":10},"end":{"line":33,"column":22},"fname":"/datasets/secbench-dataset/CWE-471/component-flatten_1.0.1/src/index.js"}¿¿MemberExpression
561¿Identifier¿¿867¿semver¿¿¿{"start":{"line":33,"column":10},"end":{"line":33,"column":16},"fname":"/datasets/secbench-dataset/CWE-471/component-flatten_1.0.1/src/index.js"}¿¿Identifier
562¿Identifier¿¿867¿valid¿¿¿{"start":{"line":33,"column":17},"end":{"line":33,"column":22},"fname":"/datasets/secbench-dataset/CWE-471/component-flatten_1.0.1/src/index.js"}¿¿Identifier
563¿Identifier¿¿867¿release¿¿¿{"start":{"line":33,"column":23},"end":{"line":33,"column":30},"fname":"/datasets/secbench-dataset/CWE-471/component-flatten_1.0.1/src/index.js"}¿¿Identifier
564¿IfStatement¿¿867¿¿¿¿{"start":{"line":33,"column":6},"end":{"line":33,"column":44},"fname":"/datasets/secbench-dataset/CWE-471/component-flatten_1.0.1/src/index.js"}¿¿IfStatement
565¿Identifier¿¿867¿v50¿¿¿¿¿Identifier
566¿ReturnStatement¿¿867¿¿¿¿{"start":{"line":33,"column":33},"end":{"line":33,"column":44},"fname":"/datasets/secbench-dataset/CWE-471/component-flatten_1.0.1/src/index.js"}¿¿ReturnStatement
567¿Literal¿boolean¿867¿¿true¿¿{"start":{"line":33,"column":40},"end":{"line":33,"column":44},"fname":"/datasets/secbench-dataset/CWE-471/component-flatten_1.0.1/src/index.js"}¿¿Literal
568¿BlockStatement¿¿867¿¿¿¿¿¿BlockStatement
569¿VariableDeclarator¿¿867¿v51¿¿¿{"start":{"line":34,"column":24},"end":{"line":34,"column":41},"fname":"/datasets/secbench-dataset/CWE-471/component-flatten_1.0.1/src/index.js"}¿¿VariableDeclarator
570¿MemberExpression¿computed¿867¿¿¿¿{"start":{"line":34,"column":24},"end":{"line":34,"column":41},"fname":"/datasets/secbench-dataset/CWE-471/component-flatten_1.0.1/src/index.js"}¿¿MemberExpression
571¿Identifier¿¿867¿branches¿¿¿{"start":{"line":34,"column":24},"end":{"line":34,"column":32},"fname":"/datasets/secbench-dataset/CWE-471/component-flatten_1.0.1/src/index.js"}¿¿Identifier
572¿Identifier¿¿867¿release¿¿¿{"start":{"line":34,"column":33},"end":{"line":34,"column":40},"fname":"/datasets/secbench-dataset/CWE-471/component-flatten_1.0.1/src/index.js"}¿¿Identifier
573¿VariableDeclarator¿¿867¿v52¿¿¿{"start":{"line":34,"column":6},"end":{"line":34,"column":42},"fname":"/datasets/secbench-dataset/CWE-471/component-flatten_1.0.1/src/index.js"}¿¿VariableDeclarator
574¿CallExpression¿¿867¿¿¿¿{"start":{"line":34,"column":6},"end":{"line":34,"column":42},"fname":"/datasets/secbench-dataset/CWE-471/component-flatten_1.0.1/src/index.js"}¿¿CallExpression
575¿MemberExpression¿¿867¿¿¿¿{"start":{"line":34,"column":6},"end":{"line":34,"column":23},"fname":"/datasets/secbench-dataset/CWE-471/component-flatten_1.0.1/src/index.js"}¿¿MemberExpression
576¿Identifier¿¿867¿dependencies¿¿¿{"start":{"line":34,"column":6},"end":{"line":34,"column":18},"fname":"/datasets/secbench-dataset/CWE-471/component-flatten_1.0.1/src/index.js"}¿¿Identifier
577¿Identifier¿¿867¿push¿¿¿{"start":{"line":34,"column":19},"end":{"line":34,"column":23},"fname":"/datasets/secbench-dataset/CWE-471/component-flatten_1.0.1/src/index.js"}¿¿Identifier
578¿Identifier¿¿867¿v51¿¿¿¿¿Identifier
579¿ExpressionStatement¿¿867¿¿¿¿{"start":{"line":34,"column":6},"end":{"line":34,"column":42},"fname":"/datasets/secbench-dataset/CWE-471/component-flatten_1.0.1/src/index.js"}¿¿ExpressionStatement
580¿Identifier¿¿867¿v52¿¿¿¿¿Identifier
581¿ReturnStatement¿¿867¿¿¿¿{"start":{"line":35,"column":6},"end":{"line":35,"column":18},"fname":"/datasets/secbench-dataset/CWE-471/component-flatten_1.0.1/src/index.js"}¿¿ReturnStatement
582¿Literal¿boolean¿867¿¿false¿¿{"start":{"line":35,"column":13},"end":{"line":35,"column":18},"fname":"/datasets/secbench-dataset/CWE-471/component-flatten_1.0.1/src/index.js"}¿¿Literal
583¿BlockStatement¿¿867¿¿¿¿{"start":{"line":32,"column":31},"end":{"line":36,"column":5},"fname":"/datasets/secbench-dataset/CWE-471/component-flatten_1.0.1/src/index.js"}¿¿BlockStatement
584¿VariableDeclarator¿¿864¿v54¿¿¿{"start":{"line":30,"column":4},"end":{"line":36,"column":6},"fname":"/datasets/secbench-dataset/CWE-471/component-flatten_1.0.1/src/index.js"}¿¿VariableDeclarator
585¿CallExpression¿¿864¿¿¿¿{"start":{"line":30,"column":4},"end":{"line":36,"column":6},"fname":"/datasets/secbench-dataset/CWE-471/component-flatten_1.0.1/src/index.js"}¿¿CallExpression
586¿MemberExpression¿¿864¿¿¿¿{"start":{"line":30,"column":4},"end":{"line":32,"column":11},"fname":"/datasets/secbench-dataset/CWE-471/component-flatten_1.0.1/src/index.js"}¿¿MemberExpression
587¿Identifier¿¿864¿releases¿¿¿{"start":{"line":30,"column":4},"end":{"line":30,"column":12},"fname":"/datasets/secbench-dataset/CWE-471/component-flatten_1.0.1/src/index.js"}¿¿Identifier
588¿Identifier¿¿864¿filter¿¿¿{"start":{"line":32,"column":5},"end":{"line":32,"column":11},"fname":"/datasets/secbench-dataset/CWE-471/component-flatten_1.0.1/src/index.js"}¿¿Identifier
589¿Identifier¿¿864¿v53¿¿¿¿¿Identifier
590¿VariableDeclarator¿¿864¿v55¿¿¿{"start":{"line":38,"column":10},"end":{"line":38,"column":24},"fname":"/datasets/secbench-dataset/CWE-471/component-flatten_1.0.1/src/index.js"}¿¿VariableDeclarator
591¿MemberExpression¿¿864¿¿¿¿{"start":{"line":38,"column":10},"end":{"line":38,"column":24},"fname":"/datasets/secbench-dataset/CWE-471/component-flatten_1.0.1/src/index.js"}¿¿MemberExpression
592¿Identifier¿¿864¿semver¿¿¿{"start":{"line":38,"column":10},"end":{"line":38,"column":16},"fname":"/datasets/secbench-dataset/CWE-471/component-flatten_1.0.1/src/index.js"}¿¿Identifier
593¿Identifier¿¿864¿compare¿¿¿{"start":{"line":38,"column":17},"end":{"line":38,"column":24},"fname":"/datasets/secbench-dataset/CWE-471/component-flatten_1.0.1/src/index.js"}¿¿Identifier
594¿VariableDeclarator¿¿864¿v56¿¿¿{"start":{"line":30,"column":4},"end":{"line":38,"column":25},"fname":"/datasets/secbench-dataset/CWE-471/component-flatten_1.0.1/src/index.js"}¿¿VariableDeclarator
595¿CallExpression¿¿864¿¿¿¿{"start":{"line":30,"column":4},"end":{"line":38,"column":25},"fname":"/datasets/secbench-dataset/CWE-471/component-flatten_1.0.1/src/index.js"}¿¿CallExpression
596¿MemberExpression¿¿864¿¿¿¿{"start":{"line":30,"column":4},"end":{"line":38,"column":9},"fname":"/datasets/secbench-dataset/CWE-471/component-flatten_1.0.1/src/index.js"}¿¿MemberExpression
597¿Identifier¿¿864¿v54¿¿¿¿¿Identifier
598¿Identifier¿¿864¿sort¿¿¿{"start":{"line":38,"column":5},"end":{"line":38,"column":9},"fname":"/datasets/secbench-dataset/CWE-471/component-flatten_1.0.1/src/index.js"}¿¿Identifier
599¿Identifier¿¿864¿v55¿¿¿¿¿Identifier
600¿VariableDeclarator¿¿864¿v59¿¿¿{"start":{"line":39,"column":13},"end":{"line":41,"column":5},"fname":"/datasets/secbench-dataset/CWE-471/component-flatten_1.0.1/src/index.js"}¿¿VariableDeclarator
601¿FunctionExpression¿¿864¿anon¿¿¿{"start":{"line":39,"column":13},"end":{"line":41,"column":5},"fname":"/datasets/secbench-dataset/CWE-471/component-flatten_1.0.1/src/index.js"}¿¿FunctionExpression
602¿Identifier¿¿0¿release¿¿¿{"start":{"line":39,"column":23},"end":{"line":39,"column":30},"fname":"/datasets/secbench-dataset/CWE-471/component-flatten_1.0.1/src/index.js"}¿¿Identifier
603¿VariableDeclarator¿¿870¿v57¿¿¿{"start":{"line":40,"column":24},"end":{"line":40,"column":41},"fname":"/datasets/secbench-dataset/CWE-471/component-flatten_1.0.1/src/index.js"}¿¿VariableDeclarator
604¿MemberExpression¿computed¿870¿¿¿¿{"start":{"line":40,"column":24},"end":{"line":40,"column":41},"fname":"/datasets/secbench-dataset/CWE-471/component-flatten_1.0.1/src/index.js"}¿¿MemberExpression
605¿Identifier¿¿870¿branches¿¿¿{"start":{"line":40,"column":24},"end":{"line":40,"column":32},"fname":"/datasets/secbench-dataset/CWE-471/component-flatten_1.0.1/src/index.js"}¿¿Identifier
606¿Identifier¿¿870¿release¿¿¿{"start":{"line":40,"column":33},"end":{"line":40,"column":40},"fname":"/datasets/secbench-dataset/CWE-471/component-flatten_1.0.1/src/index.js"}¿¿Identifier
607¿VariableDeclarator¿¿870¿v58¿¿¿{"start":{"line":40,"column":6},"end":{"line":40,"column":42},"fname":"/datasets/secbench-dataset/CWE-471/component-flatten_1.0.1/src/index.js"}¿¿VariableDeclarator
608¿CallExpression¿¿870¿¿¿¿{"start":{"line":40,"column":6},"end":{"line":40,"column":42},"fname":"/datasets/secbench-dataset/CWE-471/component-flatten_1.0.1/src/index.js"}¿¿CallExpression
609¿MemberExpression¿¿870¿¿¿¿{"start":{"line":40,"column":6},"end":{"line":40,"column":23},"fname":"/datasets/secbench-dataset/CWE-471/component-flatten_1.0.1/src/index.js"}¿¿MemberExpression
610¿Identifier¿¿870¿dependencies¿¿¿{"start":{"line":40,"column":6},"end":{"line":40,"column":18},"fname":"/datasets/secbench-dataset/CWE-471/component-flatten_1.0.1/src/index.js"}¿¿Identifier
611¿Identifier¿¿870¿push¿¿¿{"start":{"line":40,"column":19},"end":{"line":40,"column":23},"fname":"/datasets/secbench-dataset/CWE-471/component-flatten_1.0.1/src/index.js"}¿¿Identifier
612¿Identifier¿¿870¿v57¿¿¿¿¿Identifier
613¿ExpressionStatement¿¿870¿¿¿¿{"start":{"line":40,"column":6},"end":{"line":40,"column":42},"fname":"/datasets/secbench-dataset/CWE-471/component-flatten_1.0.1/src/index.js"}¿¿ExpressionStatement
614¿Identifier¿¿870¿v58¿¿¿¿¿Identifier
615¿BlockStatement¿¿870¿¿¿¿{"start":{"line":39,"column":32},"end":{"line":41,"column":5},"fname":"/datasets/secbench-dataset/CWE-471/component-flatten_1.0.1/src/index.js"}¿¿BlockStatement
616¿VariableDeclarator¿¿864¿v60¿¿¿{"start":{"line":30,"column":4},"end":{"line":41,"column":6},"fname":"/datasets/secbench-dataset/CWE-471/component-flatten_1.0.1/src/index.js"}¿¿VariableDeclarator
617¿CallExpression¿¿864¿¿¿¿{"start":{"line":30,"column":4},"end":{"line":41,"column":6},"fname":"/datasets/secbench-dataset/CWE-471/component-flatten_1.0.1/src/index.js"}¿¿CallExpression
618¿MemberExpression¿¿864¿¿¿¿{"start":{"line":30,"column":4},"end":{"line":39,"column":12},"fname":"/datasets/secbench-dataset/CWE-471/component-flatten_1.0.1/src/index.js"}¿¿MemberExpression
619¿Identifier¿¿864¿v56¿¿¿¿¿Identifier
620¿Identifier¿¿864¿forEach¿¿¿{"start":{"line":39,"column":5},"end":{"line":39,"column":12},"fname":"/datasets/secbench-dataset/CWE-471/component-flatten_1.0.1/src/index.js"}¿¿Identifier
621¿Identifier¿¿864¿v59¿¿¿¿¿Identifier
622¿ExpressionStatement¿¿864¿¿¿¿{"start":{"line":30,"column":4},"end":{"line":41,"column":6},"fname":"/datasets/secbench-dataset/CWE-471/component-flatten_1.0.1/src/index.js"}¿¿ExpressionStatement
623¿Identifier¿¿864¿v60¿¿¿¿¿Identifier
624¿BlockStatement¿¿864¿¿¿¿{"start":{"line":25,"column":44},"end":{"line":42,"column":3},"fname":"/datasets/secbench-dataset/CWE-471/component-flatten_1.0.1/src/index.js"}¿¿BlockStatement
625¿VariableDeclarator¿¿862¿v62¿¿¿{"start":{"line":25,"column":2},"end":{"line":42,"column":4},"fname":"/datasets/secbench-dataset/CWE-471/component-flatten_1.0.1/src/index.js"}¿¿VariableDeclarator
626¿CallExpression¿¿862¿¿¿¿{"start":{"line":25,"column":2},"end":{"line":42,"column":4},"fname":"/datasets/secbench-dataset/CWE-471/component-flatten_1.0.1/src/index.js"}¿¿CallExpression
627¿MemberExpression¿¿862¿¿¿¿{"start":{"line":25,"column":2},"end":{"line":25,"column":27},"fname":"/datasets/secbench-dataset/CWE-471/component-flatten_1.0.1/src/index.js"}¿¿MemberExpression
628¿Identifier¿¿862¿v47¿¿¿¿¿Identifier
629¿Identifier¿¿862¿forEach¿¿¿{"start":{"line":25,"column":20},"end":{"line":25,"column":27},"fname":"/datasets/secbench-dataset/CWE-471/component-flatten_1.0.1/src/index.js"}¿¿Identifier
630¿Identifier¿¿862¿v61¿¿¿¿¿Identifier
631¿ExpressionStatement¿¿862¿¿¿¿{"start":{"line":25,"column":2},"end":{"line":42,"column":4},"fname":"/datasets/secbench-dataset/CWE-471/component-flatten_1.0.1/src/index.js"}¿¿ExpressionStatement
632¿Identifier¿¿862¿v62¿¿¿¿¿Identifier
633¿VariableDeclarator¿¿862¿out¿¿¿{"start":{"line":44,"column":6},"end":{"line":44,"column":39},"fname":"/datasets/secbench-dataset/CWE-471/component-flatten_1.0.1/src/index.js"}¿¿VariableDeclarator
634¿CallExpression¿¿862¿¿¿¿{"start":{"line":44,"column":12},"end":{"line":44,"column":39},"fname":"/datasets/secbench-dataset/CWE-471/component-flatten_1.0.1/src/index.js"}¿¿CallExpression
635¿MemberExpression¿¿862¿¿¿¿{"start":{"line":44,"column":12},"end":{"line":44,"column":31},"fname":"/datasets/secbench-dataset/CWE-471/component-flatten_1.0.1/src/index.js"}¿¿MemberExpression
636¿Identifier¿¿862¿dependencies¿¿¿{"start":{"line":44,"column":12},"end":{"line":44,"column":24},"fname":"/datasets/secbench-dataset/CWE-471/component-flatten_1.0.1/src/index.js"}¿¿Identifier
637¿Identifier¿¿862¿concat¿¿¿{"start":{"line":44,"column":25},"end":{"line":44,"column":31},"fname":"/datasets/secbench-dataset/CWE-471/component-flatten_1.0.1/src/index.js"}¿¿Identifier
638¿Identifier¿¿862¿locals¿¿¿{"start":{"line":44,"column":32},"end":{"line":44,"column":38},"fname":"/datasets/secbench-dataset/CWE-471/component-flatten_1.0.1/src/index.js"}¿¿Identifier
639¿ExpressionStatement¿¿862¿¿¿¿{"start":{"line":45,"column":2},"end":{"line":45,"column":30},"fname":"/datasets/secbench-dataset/CWE-471/component-flatten_1.0.1/src/index.js"}¿¿ExpressionStatement
640¿AssignmentExpression¿=¿862¿¿¿¿{"start":{"line":45,"column":2},"end":{"line":45,"column":29},"fname":"/datasets/secbench-dataset/CWE-471/component-flatten_1.0.1/src/index.js"}¿¿AssignmentExpression
641¿MemberExpression¿¿862¿¿¿¿{"start":{"line":45,"column":2},"end":{"line":45,"column":16},"fname":"/datasets/secbench-dataset/CWE-471/component-flatten_1.0.1/src/index.js"}¿¿MemberExpression
642¿Identifier¿¿862¿out¿¿¿{"start":{"line":45,"column":2},"end":{"line":45,"column":5},"fname":"/datasets/secbench-dataset/CWE-471/component-flatten_1.0.1/src/index.js"}¿¿Identifier
643¿Identifier¿¿862¿duplicates¿¿¿{"start":{"line":45,"column":6},"end":{"line":45,"column":16},"fname":"/datasets/secbench-dataset/CWE-471/component-flatten_1.0.1/src/index.js"}¿¿Identifier
644¿Identifier¿¿862¿duplicates¿¿¿{"start":{"line":45,"column":19},"end":{"line":45,"column":29},"fname":"/datasets/secbench-dataset/CWE-471/component-flatten_1.0.1/src/index.js"}¿¿Identifier
645¿ReturnStatement¿¿862¿¿¿¿{"start":{"line":46,"column":2},"end":{"line":46,"column":13},"fname":"/datasets/secbench-dataset/CWE-471/component-flatten_1.0.1/src/index.js"}¿¿ReturnStatement
646¿Identifier¿¿862¿out¿¿¿{"start":{"line":46,"column":9},"end":{"line":46,"column":12},"fname":"/datasets/secbench-dataset/CWE-471/component-flatten_1.0.1/src/index.js"}¿¿Identifier
647¿VariableDeclarator¿¿862¿traverse¿¿¿{"start":{"line":48,"column":2},"end":{"line":57,"column":3},"fname":"/datasets/secbench-dataset/CWE-471/component-flatten_1.0.1/src/index.js"}¿¿VariableDeclarator
648¿FunctionExpression¿¿862¿anon¿¿¿{"start":{"line":48,"column":2},"end":{"line":57,"column":3},"fname":"/datasets/secbench-dataset/CWE-471/component-flatten_1.0.1/src/index.js"}¿¿FunctionExpression
649¿Identifier¿¿0¿branch¿¿¿{"start":{"line":48,"column":20},"end":{"line":48,"column":26},"fname":"/datasets/secbench-dataset/CWE-471/component-flatten_1.0.1/src/index.js"}¿¿Identifier
650¿VariableDeclarator¿¿872¿v63¿¿¿{"start":{"line":49,"column":9},"end":{"line":49,"column":33},"fname":"/datasets/secbench-dataset/CWE-471/component-flatten_1.0.1/src/index.js"}¿¿VariableDeclarator
651¿CallExpression¿¿872¿¿¿¿{"start":{"line":49,"column":9},"end":{"line":49,"column":33},"fname":"/datasets/secbench-dataset/CWE-471/component-flatten_1.0.1/src/index.js"}¿¿CallExpression
652¿MemberExpression¿¿872¿¿¿¿{"start":{"line":49,"column":9},"end":{"line":49,"column":25},"fname":"/datasets/secbench-dataset/CWE-471/component-flatten_1.0.1/src/index.js"}¿¿MemberExpression
653¿Identifier¿¿872¿resolved¿¿¿{"start":{"line":49,"column":9},"end":{"line":49,"column":17},"fname":"/datasets/secbench-dataset/CWE-471/component-flatten_1.0.1/src/index.js"}¿¿Identifier
654¿Identifier¿¿872¿indexOf¿¿¿{"start":{"line":49,"column":18},"end":{"line":49,"column":25},"fname":"/datasets/secbench-dataset/CWE-471/component-flatten_1.0.1/src/index.js"}¿¿Identifier
655¿Identifier¿¿872¿branch¿¿¿{"start":{"line":49,"column":26},"end":{"line":49,"column":32},"fname":"/datasets/secbench-dataset/CWE-471/component-flatten_1.0.1/src/index.js"}¿¿Identifier
656¿VariableDeclarator¿¿872¿v64¿¿¿{"start":{"line":49,"column":8},"end":{"line":49,"column":33},"fname":"/datasets/secbench-dataset/CWE-471/component-flatten_1.0.1/src/index.js"}¿¿VariableDeclarator
657¿UnaryExpression¿~¿872¿¿¿¿{"start":{"line":49,"column":8},"end":{"line":49,"column":33},"fname":"/datasets/secbench-dataset/CWE-471/component-flatten_1.0.1/src/index.js"}¿¿UnaryExpression
658¿Identifier¿¿872¿v63¿¿¿¿¿Identifier
659¿IfStatement¿¿872¿¿¿¿{"start":{"line":49,"column":4},"end":{"line":49,"column":41},"fname":"/datasets/secbench-dataset/CWE-471/component-flatten_1.0.1/src/index.js"}¿¿IfStatement
660¿Identifier¿¿872¿v64¿¿¿¿¿Identifier
661¿ReturnStatement¿¿872¿¿¿¿{"start":{"line":49,"column":35},"end":{"line":49,"column":41},"fname":"/datasets/secbench-dataset/CWE-471/component-flatten_1.0.1/src/index.js"}¿¿ReturnStatement
662¿BlockStatement¿¿872¿¿¿¿¿¿BlockStatement
663¿VariableDeclarator¿¿872¿v65¿¿¿{"start":{"line":50,"column":4},"end":{"line":50,"column":25},"fname":"/datasets/secbench-dataset/CWE-471/component-flatten_1.0.1/src/index.js"}¿¿VariableDeclarator
664¿CallExpression¿¿872¿¿¿¿{"start":{"line":50,"column":4},"end":{"line":50,"column":25},"fname":"/datasets/secbench-dataset/CWE-471/component-flatten_1.0.1/src/index.js"}¿¿CallExpression
665¿MemberExpression¿¿872¿¿¿¿{"start":{"line":50,"column":4},"end":{"line":50,"column":17},"fname":"/datasets/secbench-dataset/CWE-471/component-flatten_1.0.1/src/index.js"}¿¿MemberExpression
666¿Identifier¿¿872¿resolved¿¿¿{"start":{"line":50,"column":4},"end":{"line":50,"column":12},"fname":"/datasets/secbench-dataset/CWE-471/component-flatten_1.0.1/src/index.js"}¿¿Identifier
667¿Identifier¿¿872¿push¿¿¿{"start":{"line":50,"column":13},"end":{"line":50,"column":17},"fname":"/datasets/secbench-dataset/CWE-471/component-flatten_1.0.1/src/index.js"}¿¿Identifier
668¿Identifier¿¿872¿branch¿¿¿{"start":{"line":50,"column":18},"end":{"line":50,"column":24},"fname":"/datasets/secbench-dataset/CWE-471/component-flatten_1.0.1/src/index.js"}¿¿Identifier
669¿ExpressionStatement¿¿872¿¿¿¿{"start":{"line":50,"column":4},"end":{"line":50,"column":25},"fname":"/datasets/secbench-dataset/CWE-471/component-flatten_1.0.1/src/index.js"}¿¿ExpressionStatement
670¿Identifier¿¿872¿v65¿¿¿¿¿Identifier
671¿VariableDeclarator¿¿872¿v66¿¿¿{"start":{"line":51,"column":4},"end":{"line":51,"column":24},"fname":"/datasets/secbench-dataset/CWE-471/component-flatten_1.0.1/src/index.js"}¿¿VariableDeclarator
672¿CallExpression¿¿872¿¿¿¿{"start":{"line":51,"column":4},"end":{"line":51,"column":24},"fname":"/datasets/secbench-dataset/CWE-471/component-flatten_1.0.1/src/index.js"}¿¿CallExpression
673¿Identifier¿¿872¿traverseDeps¿¿¿{"start":{"line":51,"column":4},"end":{"line":51,"column":16},"fname":"/datasets/secbench-dataset/CWE-471/component-flatten_1.0.1/src/index.js"}¿¿Identifier
674¿Identifier¿¿872¿branch¿¿¿{"start":{"line":51,"column":17},"end":{"line":51,"column":23},"fname":"/datasets/secbench-dataset/CWE-471/component-flatten_1.0.1/src/index.js"}¿¿Identifier
675¿ExpressionStatement¿¿872¿¿¿¿{"start":{"line":51,"column":4},"end":{"line":51,"column":24},"fname":"/datasets/secbench-dataset/CWE-471/component-flatten_1.0.1/src/index.js"}¿¿ExpressionStatement
676¿Identifier¿¿872¿v66¿¿¿¿¿Identifier
677¿VariableDeclarator¿¿872¿v67¿¿¿{"start":{"line":52,"column":4},"end":{"line":52,"column":26},"fname":"/datasets/secbench-dataset/CWE-471/component-flatten_1.0.1/src/index.js"}¿¿VariableDeclarator
678¿CallExpression¿¿872¿¿¿¿{"start":{"line":52,"column":4},"end":{"line":52,"column":26},"fname":"/datasets/secbench-dataset/CWE-471/component-flatten_1.0.1/src/index.js"}¿¿CallExpression
679¿Identifier¿¿872¿traverseLocals¿¿¿{"start":{"line":52,"column":4},"end":{"line":52,"column":18},"fname":"/datasets/secbench-dataset/CWE-471/component-flatten_1.0.1/src/index.js"}¿¿Identifier
680¿Identifier¿¿872¿branch¿¿¿{"start":{"line":52,"column":19},"end":{"line":52,"column":25},"fname":"/datasets/secbench-dataset/CWE-471/component-flatten_1.0.1/src/index.js"}¿¿Identifier
681¿ExpressionStatement¿¿872¿¿¿¿{"start":{"line":52,"column":4},"end":{"line":52,"column":26},"fname":"/datasets/secbench-dataset/CWE-471/component-flatten_1.0.1/src/index.js"}¿¿ExpressionStatement
682¿Identifier¿¿872¿v67¿¿¿¿¿Identifier
683¿VariableDeclarator¿¿872¿v68¿¿¿{"start":{"line":53,"column":8},"end":{"line":53,"column":19},"fname":"/datasets/secbench-dataset/CWE-471/component-flatten_1.0.1/src/index.js"}¿¿VariableDeclarator
684¿MemberExpression¿¿872¿¿¿¿{"start":{"line":53,"column":8},"end":{"line":53,"column":19},"fname":"/datasets/secbench-dataset/CWE-471/component-flatten_1.0.1/src/index.js"}¿¿MemberExpression
685¿Identifier¿¿872¿branch¿¿¿{"start":{"line":53,"column":8},"end":{"line":53,"column":14},"fname":"/datasets/secbench-dataset/CWE-471/component-flatten_1.0.1/src/index.js"}¿¿Identifier
686¿Identifier¿¿872¿type¿¿¿{"start":{"line":53,"column":15},"end":{"line":53,"column":19},"fname":"/datasets/secbench-dataset/CWE-471/component-flatten_1.0.1/src/index.js"}¿¿Identifier
687¿VariableDeclarator¿¿872¿v69¿¿¿{"start":{"line":53,"column":8},"end":{"line":53,"column":31},"fname":"/datasets/secbench-dataset/CWE-471/component-flatten_1.0.1/src/index.js"}¿¿VariableDeclarator
688¿BinaryExpression¿===¿872¿¿¿¿{"start":{"line":53,"column":8},"end":{"line":53,"column":31},"fname":"/datasets/secbench-dataset/CWE-471/component-flatten_1.0.1/src/index.js"}¿¿BinaryExpression
689¿Identifier¿¿872¿v68¿¿¿¿¿Identifier
690¿Literal¿string¿872¿¿'local'¿¿{"start":{"line":53,"column":24},"end":{"line":53,"column":31},"fname":"/datasets/secbench-dataset/CWE-471/component-flatten_1.0.1/src/index.js"}¿¿Literal
691¿IfStatement¿¿872¿¿¿¿{"start":{"line":53,"column":4},"end":{"line":53,"column":59},"fname":"/datasets/secbench-dataset/CWE-471/component-flatten_1.0.1/src/index.js"}¿¿IfStatement
692¿Identifier¿¿872¿v69¿¿¿¿¿Identifier
693¿VariableDeclarator¿¿872¿v70¿¿¿{"start":{"line":53,"column":40},"end":{"line":53,"column":59},"fname":"/datasets/secbench-dataset/CWE-471/component-flatten_1.0.1/src/index.js"}¿¿VariableDeclarator
694¿CallExpression¿¿872¿¿¿¿{"start":{"line":53,"column":40},"end":{"line":53,"column":59},"fname":"/datasets/secbench-dataset/CWE-471/component-flatten_1.0.1/src/index.js"}¿¿CallExpression
695¿MemberExpression¿¿872¿¿¿¿{"start":{"line":53,"column":40},"end":{"line":53,"column":51},"fname":"/datasets/secbench-dataset/CWE-471/component-flatten_1.0.1/src/index.js"}¿¿MemberExpression
696¿Identifier¿¿872¿locals¿¿¿{"start":{"line":53,"column":40},"end":{"line":53,"column":46},"fname":"/datasets/secbench-dataset/CWE-471/component-flatten_1.0.1/src/index.js"}¿¿Identifier
697¿Identifier¿¿872¿push¿¿¿{"start":{"line":53,"column":47},"end":{"line":53,"column":51},"fname":"/datasets/secbench-dataset/CWE-471/component-flatten_1.0.1/src/index.js"}¿¿Identifier
698¿Identifier¿¿872¿branch¿¿¿{"start":{"line":53,"column":52},"end":{"line":53,"column":58},"fname":"/datasets/secbench-dataset/CWE-471/component-flatten_1.0.1/src/index.js"}¿¿Identifier
699¿ReturnStatement¿¿872¿¿¿¿{"start":{"line":53,"column":33},"end":{"line":53,"column":59},"fname":"/datasets/secbench-dataset/CWE-471/component-flatten_1.0.1/src/index.js"}¿¿ReturnStatement
700¿Identifier¿¿872¿v70¿¿¿¿¿Identifier
701¿BlockStatement¿¿872¿¿¿¿¿¿BlockStatement
702¿VariableDeclarator¿¿872¿v71¿¿¿{"start":{"line":55,"column":24},"end":{"line":55,"column":35},"fname":"/datasets/secbench-dataset/CWE-471/component-flatten_1.0.1/src/index.js"}¿¿VariableDeclarator
703¿MemberExpression¿¿872¿¿¿¿{"start":{"line":55,"column":24},"end":{"line":55,"column":35},"fname":"/datasets/secbench-dataset/CWE-471/component-flatten_1.0.1/src/index.js"}¿¿MemberExpression
704¿Identifier¿¿872¿branch¿¿¿{"start":{"line":55,"column":24},"end":{"line":55,"column":30},"fname":"/datasets/secbench-dataset/CWE-471/component-flatten_1.0.1/src/index.js"}¿¿Identifier
705¿Identifier¿¿872¿name¿¿¿{"start":{"line":55,"column":31},"end":{"line":55,"column":35},"fname":"/datasets/secbench-dataset/CWE-471/component-flatten_1.0.1/src/index.js"}¿¿Identifier
706¿VariableDeclarator¿¿872¿v72¿¿¿{"start":{"line":55,"column":44},"end":{"line":55,"column":55},"fname":"/datasets/secbench-dataset/CWE-471/component-flatten_1.0.1/src/index.js"}¿¿VariableDeclarator
707¿MemberExpression¿¿872¿¿¿¿{"start":{"line":55,"column":44},"end":{"line":55,"column":55},"fname":"/datasets/secbench-dataset/CWE-471/component-flatten_1.0.1/src/index.js"}¿¿MemberExpression
708¿Identifier¿¿872¿branch¿¿¿{"start":{"line":55,"column":44},"end":{"line":55,"column":50},"fname":"/datasets/secbench-dataset/CWE-471/component-flatten_1.0.1/src/index.js"}¿¿Identifier
709¿Identifier¿¿872¿name¿¿¿{"start":{"line":55,"column":51},"end":{"line":55,"column":55},"fname":"/datasets/secbench-dataset/CWE-471/component-flatten_1.0.1/src/index.js"}¿¿Identifier
710¿VariableDeclarator¿¿872¿v73¿¿¿{"start":{"line":55,"column":39},"end":{"line":55,"column":56},"fname":"/datasets/secbench-dataset/CWE-471/component-flatten_1.0.1/src/index.js"}¿¿VariableDeclarator
711¿MemberExpression¿computed¿872¿¿¿¿{"start":{"line":55,"column":39},"end":{"line":55,"column":56},"fname":"/datasets/secbench-dataset/CWE-471/component-flatten_1.0.1/src/index.js"}¿¿MemberExpression
712¿Identifier¿¿872¿deps¿¿¿{"start":{"line":55,"column":39},"end":{"line":55,"column":43},"fname":"/datasets/secbench-dataset/CWE-471/component-flatten_1.0.1/src/index.js"}¿¿Identifier
713¿Identifier¿¿872¿v72¿¿¿¿¿Identifier
714¿VariableDeclarator¿¿872¿v74¿¿¿{"start":{"line":55,"column":60},"end":{"line":55,"column":62},"fname":"/datasets/secbench-dataset/CWE-471/component-flatten_1.0.1/src/index.js"}¿¿VariableDeclarator
715¿ObjectExpression¿¿872¿¿¿¿{"start":{"line":55,"column":60},"end":{"line":55,"column":62},"fname":"/datasets/secbench-dataset/CWE-471/component-flatten_1.0.1/src/index.js"}¿¿ObjectExpression
716¿ExpressionStatement¿¿872¿¿¿¿{"start":{"line":55,"column":19},"end":{"line":55,"column":62},"fname":"/datasets/secbench-dataset/CWE-471/component-flatten_1.0.1/src/index.js"}¿¿ExpressionStatement
717¿AssignmentExpression¿=¿872¿¿¿¿{"start":{"line":55,"column":19},"end":{"line":55,"column":62},"fname":"/datasets/secbench-dataset/CWE-471/component-flatten_1.0.1/src/index.js"}¿¿AssignmentExpression
718¿MemberExpression¿computed¿872¿¿¿¿{"start":{"line":55,"column":19},"end":{"line":55,"column":36},"fname":"/datasets/secbench-dataset/CWE-471/component-flatten_1.0.1/src/index.js"}¿¿MemberExpression
719¿Identifier¿¿872¿deps¿¿¿{"start":{"line":55,"column":19},"end":{"line":55,"column":23},"fname":"/datasets/secbench-dataset/CWE-471/component-flatten_1.0.1/src/index.js"}¿¿Identifier
720¿Identifier¿¿872¿v71¿¿¿¿¿Identifier
721¿LogicalExpression¿||¿872¿¿¿¿{"start":{"line":55,"column":39},"end":{"line":55,"column":62},"fname":"/datasets/secbench-dataset/CWE-471/component-flatten_1.0.1/src/index.js"}¿¿LogicalExpression
722¿Identifier¿¿872¿v73¿¿¿¿¿Identifier
723¿Identifier¿¿872¿v74¿¿¿¿¿Identifier
724¿VariableDeclarator¿¿872¿releases¿¿¿{"start":{"line":55,"column":8},"end":{"line":55,"column":62},"fname":"/datasets/secbench-dataset/CWE-471/component-flatten_1.0.1/src/index.js"}¿¿VariableDeclarator
725¿MemberExpression¿computed¿872¿¿¿¿{"start":{"line":55,"column":19},"end":{"line":55,"column":36},"fname":"/datasets/secbench-dataset/CWE-471/component-flatten_1.0.1/src/index.js"}¿¿MemberExpression
726¿Identifier¿¿872¿deps¿¿¿{"start":{"line":55,"column":19},"end":{"line":55,"column":23},"fname":"/datasets/secbench-dataset/CWE-471/component-flatten_1.0.1/src/index.js"}¿¿Identifier
727¿Identifier¿¿872¿v71¿¿¿¿¿Identifier
728¿VariableDeclarator¿¿872¿v75¿¿¿{"start":{"line":56,"column":13},"end":{"line":56,"column":23},"fname":"/datasets/secbench-dataset/CWE-471/component-flatten_1.0.1/src/index.js"}¿¿VariableDeclarator
729¿MemberExpression¿¿872¿¿¿¿{"start":{"line":56,"column":13},"end":{"line":56,"column":23},"fname":"/datasets/secbench-dataset/CWE-471/component-flatten_1.0.1/src/index.js"}¿¿MemberExpression
730¿Identifier¿¿872¿branch¿¿¿{"start":{"line":56,"column":13},"end":{"line":56,"column":19},"fname":"/datasets/secbench-dataset/CWE-471/component-flatten_1.0.1/src/index.js"}¿¿Identifier
731¿Identifier¿¿872¿ref¿¿¿{"start":{"line":56,"column":20},"end":{"line":56,"column":23},"fname":"/datasets/secbench-dataset/CWE-471/component-flatten_1.0.1/src/index.js"}¿¿Identifier
732¿ExpressionStatement¿¿872¿¿¿¿{"start":{"line":56,"column":4},"end":{"line":56,"column":33},"fname":"/datasets/secbench-dataset/CWE-471/component-flatten_1.0.1/src/index.js"}¿¿ExpressionStatement
733¿AssignmentExpression¿=¿872¿¿¿¿{"start":{"line":56,"column":4},"end":{"line":56,"column":33},"fname":"/datasets/secbench-dataset/CWE-471/component-flatten_1.0.1/src/index.js"}¿¿AssignmentExpression
734¿MemberExpression¿computed¿872¿¿¿¿{"start":{"line":56,"column":4},"end":{"line":56,"column":24},"fname":"/datasets/secbench-dataset/CWE-471/component-flatten_1.0.1/src/index.js"}¿¿MemberExpression
735¿Identifier¿¿872¿releases¿¿¿{"start":{"line":56,"column":4},"end":{"line":56,"column":12},"fname":"/datasets/secbench-dataset/CWE-471/component-flatten_1.0.1/src/index.js"}¿¿Identifier
736¿Identifier¿¿872¿v75¿¿¿¿¿Identifier
737¿Identifier¿¿872¿branch¿¿¿{"start":{"line":56,"column":27},"end":{"line":56,"column":33},"fname":"/datasets/secbench-dataset/CWE-471/component-flatten_1.0.1/src/index.js"}¿¿Identifier
738¿BlockStatement¿¿872¿¿¿¿{"start":{"line":48,"column":28},"end":{"line":57,"column":3},"fname":"/datasets/secbench-dataset/CWE-471/component-flatten_1.0.1/src/index.js"}¿¿BlockStatement
739¿VariableDeclarator¿¿862¿traverseDeps¿¿¿{"start":{"line":59,"column":2},"end":{"line":65,"column":3},"fname":"/datasets/secbench-dataset/CWE-471/component-flatten_1.0.1/src/index.js"}¿¿VariableDeclarator
740¿FunctionExpression¿¿862¿anon¿¿¿{"start":{"line":59,"column":2},"end":{"line":65,"column":3},"fname":"/datasets/secbench-dataset/CWE-471/component-flatten_1.0.1/src/index.js"}¿¿FunctionExpression
741¿Identifier¿¿0¿branch¿¿¿{"start":{"line":59,"column":24},"end":{"line":59,"column":30},"fname":"/datasets/secbench-dataset/CWE-471/component-flatten_1.0.1/src/index.js"}¿¿Identifier
742¿VariableDeclarator¿¿876¿deps¿¿¿{"start":{"line":60,"column":8},"end":{"line":60,"column":34},"fname":"/datasets/secbench-dataset/CWE-471/component-flatten_1.0.1/src/index.js"}¿¿VariableDeclarator
743¿MemberExpression¿¿876¿¿¿¿{"start":{"line":60,"column":15},"end":{"line":60,"column":34},"fname":"/datasets/secbench-dataset/CWE-471/component-flatten_1.0.1/src/index.js"}¿¿MemberExpression
744¿Identifier¿¿876¿branch¿¿¿{"start":{"line":60,"column":15},"end":{"line":60,"column":21},"fname":"/datasets/secbench-dataset/CWE-471/component-flatten_1.0.1/src/index.js"}¿¿Identifier
745¿Identifier¿¿876¿dependencies¿¿¿{"start":{"line":60,"column":22},"end":{"line":60,"column":34},"fname":"/datasets/secbench-dataset/CWE-471/component-flatten_1.0.1/src/index.js"}¿¿Identifier
746¿VariableDeclarator¿¿876¿v76¿¿¿{"start":{"line":61,"column":8},"end":{"line":61,"column":13},"fname":"/datasets/secbench-dataset/CWE-471/component-flatten_1.0.1/src/index.js"}¿¿VariableDeclarator
747¿UnaryExpression¿!¿876¿¿¿¿{"start":{"line":61,"column":8},"end":{"line":61,"column":13},"fname":"/datasets/secbench-dataset/CWE-471/component-flatten_1.0.1/src/index.js"}¿¿UnaryExpression
748¿Identifier¿¿876¿deps¿¿¿{"start":{"line":61,"column":9},"end":{"line":61,"column":13},"fname":"/datasets/secbench-dataset/CWE-471/component-flatten_1.0.1/src/index.js"}¿¿Identifier
749¿IfStatement¿¿876¿¿¿¿{"start":{"line":61,"column":4},"end":{"line":61,"column":21},"fname":"/datasets/secbench-dataset/CWE-471/component-flatten_1.0.1/src/index.js"}¿¿IfStatement
750¿Identifier¿¿876¿v76¿¿¿¿¿Identifier
751¿ReturnStatement¿¿876¿¿¿¿{"start":{"line":61,"column":15},"end":{"line":61,"column":21},"fname":"/datasets/secbench-dataset/CWE-471/component-flatten_1.0.1/src/index.js"}¿¿ReturnStatement
752¿BlockStatement¿¿876¿¿¿¿¿¿BlockStatement
753¿VariableDeclarator¿¿876¿names¿¿¿{"start":{"line":62,"column":8},"end":{"line":62,"column":33},"fname":"/datasets/secbench-dataset/CWE-471/component-flatten_1.0.1/src/index.js"}¿¿VariableDeclarator
754¿CallExpression¿¿876¿¿¿¿{"start":{"line":62,"column":16},"end":{"line":62,"column":33},"fname":"/datasets/secbench-dataset/CWE-471/component-flatten_1.0.1/src/index.js"}¿¿CallExpression
755¿MemberExpression¿¿876¿¿¿¿{"start":{"line":62,"column":16},"end":{"line":62,"column":27},"fname":"/datasets/secbench-dataset/CWE-471/component-flatten_1.0.1/src/index.js"}¿¿MemberExpression
756¿Identifier¿¿876¿Object¿¿¿{"start":{"line":62,"column":16},"end":{"line":62,"column":22},"fname":"/datasets/secbench-dataset/CWE-471/component-flatten_1.0.1/src/index.js"}¿¿Identifier
757¿Identifier¿¿876¿keys¿¿¿{"start":{"line":62,"column":23},"end":{"line":62,"column":27},"fname":"/datasets/secbench-dataset/CWE-471/component-flatten_1.0.1/src/index.js"}¿¿Identifier
758¿Identifier¿¿876¿deps¿¿¿{"start":{"line":62,"column":28},"end":{"line":62,"column":32},"fname":"/datasets/secbench-dataset/CWE-471/component-flatten_1.0.1/src/index.js"}¿¿Identifier
759¿VariableDeclarator¿¿876¿i¿¿¿{"start":{"line":63,"column":13},"end":{"line":63,"column":18},"fname":"/datasets/secbench-dataset/CWE-471/component-flatten_1.0.1/src/index.js"}¿¿VariableDeclarator
760¿Literal¿number¿876¿¿0¿¿{"start":{"line":63,"column":17},"end":{"line":63,"column":18},"fname":"/datasets/secbench-dataset/CWE-471/component-flatten_1.0.1/src/index.js"}¿¿Literal
761¿VariableDeclarator¿¿876¿v77¿¿¿{"start":{"line":63,"column":24},"end":{"line":63,"column":36},"fname":"/datasets/secbench-dataset/CWE-471/component-flatten_1.0.1/src/index.js"}¿¿VariableDeclarator
762¿MemberExpression¿¿876¿¿¿¿{"start":{"line":63,"column":24},"end":{"line":63,"column":36},"fname":"/datasets/secbench-dataset/CWE-471/component-flatten_1.0.1/src/index.js"}¿¿MemberExpression
763¿Identifier¿¿876¿names¿¿¿{"start":{"line":63,"column":24},"end":{"line":63,"column":29},"fname":"/datasets/secbench-dataset/CWE-471/component-flatten_1.0.1/src/index.js"}¿¿Identifier
764¿Identifier¿¿876¿length¿¿¿{"start":{"line":63,"column":30},"end":{"line":63,"column":36},"fname":"/datasets/secbench-dataset/CWE-471/component-flatten_1.0.1/src/index.js"}¿¿Identifier
765¿VariableDeclarator¿¿876¿v78¿¿¿{"start":{"line":63,"column":20},"end":{"line":63,"column":36},"fname":"/datasets/secbench-dataset/CWE-471/component-flatten_1.0.1/src/index.js"}¿¿VariableDeclarator
766¿BinaryExpression¿<¿876¿¿¿¿{"start":{"line":63,"column":20},"end":{"line":63,"column":36},"fname":"/datasets/secbench-dataset/CWE-471/component-flatten_1.0.1/src/index.js"}¿¿BinaryExpression
767¿Identifier¿¿876¿i¿¿¿{"start":{"line":63,"column":20},"end":{"line":63,"column":21},"fname":"/datasets/secbench-dataset/CWE-471/component-flatten_1.0.1/src/index.js"}¿¿Identifier
768¿Identifier¿¿876¿v77¿¿¿¿¿Identifier
769¿WhileStatement¿¿876¿¿¿¿{"start":{"line":63,"column":4},"end":{"line":64,"column":30},"fname":"/datasets/secbench-dataset/CWE-471/component-flatten_1.0.1/src/index.js"}¿¿WhileStatement
770¿Identifier¿¿876¿v78¿¿¿¿¿Identifier
771¿VariableDeclarator¿¿876¿v80¿¿¿{"start":{"line":64,"column":20},"end":{"line":64,"column":28},"fname":"/datasets/secbench-dataset/CWE-471/component-flatten_1.0.1/src/index.js"}¿¿VariableDeclarator
772¿MemberExpression¿computed¿876¿¿¿¿{"start":{"line":64,"column":20},"end":{"line":64,"column":28},"fname":"/datasets/secbench-dataset/CWE-471/component-flatten_1.0.1/src/index.js"}¿¿MemberExpression
773¿Identifier¿¿876¿names¿¿¿{"start":{"line":64,"column":20},"end":{"line":64,"column":25},"fname":"/datasets/secbench-dataset/CWE-471/component-flatten_1.0.1/src/index.js"}¿¿Identifier
774¿Identifier¿¿876¿i¿¿¿{"start":{"line":64,"column":26},"end":{"line":64,"column":27},"fname":"/datasets/secbench-dataset/CWE-471/component-flatten_1.0.1/src/index.js"}¿¿Identifier
775¿VariableDeclarator¿¿876¿v81¿¿¿{"start":{"line":64,"column":15},"end":{"line":64,"column":29},"fname":"/datasets/secbench-dataset/CWE-471/component-flatten_1.0.1/src/index.js"}¿¿VariableDeclarator
776¿MemberExpression¿computed¿876¿¿¿¿{"start":{"line":64,"column":15},"end":{"line":64,"column":29},"fname":"/datasets/secbench-dataset/CWE-471/component-flatten_1.0.1/src/index.js"}¿¿MemberExpression
777¿Identifier¿¿876¿deps¿¿¿{"start":{"line":64,"column":15},"end":{"line":64,"column":19},"fname":"/datasets/secbench-dataset/CWE-471/component-flatten_1.0.1/src/index.js"}¿¿Identifier
778¿Identifier¿¿876¿v80¿¿¿¿¿Identifier
779¿VariableDeclarator¿¿876¿v82¿¿¿{"start":{"line":64,"column":6},"end":{"line":64,"column":30},"fname":"/datasets/secbench-dataset/CWE-471/component-flatten_1.0.1/src/index.js"}¿¿VariableDeclarator
780¿CallExpression¿¿876¿¿¿¿{"start":{"line":64,"column":6},"end":{"line":64,"column":30},"fname":"/datasets/secbench-dataset/CWE-471/component-flatten_1.0.1/src/index.js"}¿¿CallExpression
781¿Identifier¿¿876¿traverse¿¿¿{"start":{"line":64,"column":6},"end":{"line":64,"column":14},"fname":"/datasets/secbench-dataset/CWE-471/component-flatten_1.0.1/src/index.js"}¿¿Identifier
782¿Identifier¿¿876¿v81¿¿¿¿¿Identifier
783¿ExpressionStatement¿¿876¿¿¿¿{"start":{"line":64,"column":6},"end":{"line":64,"column":30},"fname":"/datasets/secbench-dataset/CWE-471/component-flatten_1.0.1/src/index.js"}¿¿ExpressionStatement
784¿Identifier¿¿876¿v82¿¿¿¿¿Identifier
785¿VariableDeclarator¿¿876¿v79¿¿¿{"start":{"line":63,"column":38},"end":{"line":63,"column":41},"fname":"/datasets/secbench-dataset/CWE-471/component-flatten_1.0.1/src/index.js"}¿¿VariableDeclarator
786¿UpdateExpression¿¿876¿¿¿¿{"start":{"line":63,"column":38},"end":{"line":63,"column":41},"fname":"/datasets/secbench-dataset/CWE-471/component-flatten_1.0.1/src/index.js"}¿¿UpdateExpression
787¿Identifier¿¿876¿i¿¿¿{"start":{"line":63,"column":38},"end":{"line":63,"column":39},"fname":"/datasets/secbench-dataset/CWE-471/component-flatten_1.0.1/src/index.js"}¿¿Identifier
788¿ExpressionStatement¿¿876¿¿¿¿{"start":{"line":63,"column":4},"end":{"line":64,"column":30},"fname":"/datasets/secbench-dataset/CWE-471/component-flatten_1.0.1/src/index.js"}¿¿ExpressionStatement
789¿AssignmentExpression¿=¿876¿¿¿¿{"start":{"line":63,"column":4},"end":{"line":64,"column":30},"fname":"/datasets/secbench-dataset/CWE-471/component-flatten_1.0.1/src/index.js"}¿¿AssignmentExpression
790¿Identifier¿¿876¿v78¿¿¿{"start":{"line":63,"column":4},"end":{"line":64,"column":30},"fname":"/datasets/secbench-dataset/CWE-471/component-flatten_1.0.1/src/index.js"}¿¿Identifier
791¿BinaryExpression¿<¿876¿¿¿¿{"start":{"line":63,"column":20},"end":{"line":63,"column":36},"fname":"/datasets/secbench-dataset/CWE-471/component-flatten_1.0.1/src/index.js"}¿¿BinaryExpression
792¿Identifier¿¿876¿i¿¿¿{"start":{"line":63,"column":20},"end":{"line":63,"column":21},"fname":"/datasets/secbench-dataset/CWE-471/component-flatten_1.0.1/src/index.js"}¿¿Identifier
793¿Identifier¿¿876¿v77¿¿¿¿¿Identifier
794¿BlockStatement¿¿876¿¿¿¿¿¿BlockStatement
795¿BlockStatement¿¿876¿¿¿¿{"start":{"line":59,"column":32},"end":{"line":65,"column":3},"fname":"/datasets/secbench-dataset/CWE-471/component-flatten_1.0.1/src/index.js"}¿¿BlockStatement
796¿VariableDeclarator¿¿862¿traverseLocals¿¿¿{"start":{"line":67,"column":2},"end":{"line":73,"column":3},"fname":"/datasets/secbench-dataset/CWE-471/component-flatten_1.0.1/src/index.js"}¿¿VariableDeclarator
797¿FunctionExpression¿¿862¿anon¿¿¿{"start":{"line":67,"column":2},"end":{"line":73,"column":3},"fname":"/datasets/secbench-dataset/CWE-471/component-flatten_1.0.1/src/index.js"}¿¿FunctionExpression
798¿Identifier¿¿0¿branch¿¿¿{"start":{"line":67,"column":26},"end":{"line":67,"column":32},"fname":"/datasets/secbench-dataset/CWE-471/component-flatten_1.0.1/src/index.js"}¿¿Identifier
799¿VariableDeclarator¿¿880¿locals¿¿¿{"start":{"line":68,"column":8},"end":{"line":68,"column":30},"fname":"/datasets/secbench-dataset/CWE-471/component-flatten_1.0.1/src/index.js"}¿¿VariableDeclarator
800¿MemberExpression¿¿880¿¿¿¿{"start":{"line":68,"column":17},"end":{"line":68,"column":30},"fname":"/datasets/secbench-dataset/CWE-471/component-flatten_1.0.1/src/index.js"}¿¿MemberExpression
801¿Identifier¿¿880¿branch¿¿¿{"start":{"line":68,"column":17},"end":{"line":68,"column":23},"fname":"/datasets/secbench-dataset/CWE-471/component-flatten_1.0.1/src/index.js"}¿¿Identifier
802¿Identifier¿¿880¿locals¿¿¿{"start":{"line":68,"column":24},"end":{"line":68,"column":30},"fname":"/datasets/secbench-dataset/CWE-471/component-flatten_1.0.1/src/index.js"}¿¿Identifier
803¿VariableDeclarator¿¿880¿v83¿¿¿{"start":{"line":69,"column":8},"end":{"line":69,"column":15},"fname":"/datasets/secbench-dataset/CWE-471/component-flatten_1.0.1/src/index.js"}¿¿VariableDeclarator
804¿UnaryExpression¿!¿880¿¿¿¿{"start":{"line":69,"column":8},"end":{"line":69,"column":15},"fname":"/datasets/secbench-dataset/CWE-471/component-flatten_1.0.1/src/index.js"}¿¿UnaryExpression
805¿Identifier¿¿880¿locals¿¿¿{"start":{"line":69,"column":9},"end":{"line":69,"column":15},"fname":"/datasets/secbench-dataset/CWE-471/component-flatten_1.0.1/src/index.js"}¿¿Identifier
806¿IfStatement¿¿880¿¿¿¿{"start":{"line":69,"column":4},"end":{"line":69,"column":23},"fname":"/datasets/secbench-dataset/CWE-471/component-flatten_1.0.1/src/index.js"}¿¿IfStatement
807¿Identifier¿¿880¿v83¿¿¿¿¿Identifier
808¿ReturnStatement¿¿880¿¿¿¿{"start":{"line":69,"column":17},"end":{"line":69,"column":23},"fname":"/datasets/secbench-dataset/CWE-471/component-flatten_1.0.1/src/index.js"}¿¿ReturnStatement
809¿BlockStatement¿¿880¿¿¿¿¿¿BlockStatement
810¿VariableDeclarator¿¿880¿names¿¿¿{"start":{"line":70,"column":8},"end":{"line":70,"column":35},"fname":"/datasets/secbench-dataset/CWE-471/component-flatten_1.0.1/src/index.js"}¿¿VariableDeclarator
811¿CallExpression¿¿880¿¿¿¿{"start":{"line":70,"column":16},"end":{"line":70,"column":35},"fname":"/datasets/secbench-dataset/CWE-471/component-flatten_1.0.1/src/index.js"}¿¿CallExpression
812¿MemberExpression¿¿880¿¿¿¿{"start":{"line":70,"column":16},"end":{"line":70,"column":27},"fname":"/datasets/secbench-dataset/CWE-471/component-flatten_1.0.1/src/index.js"}¿¿MemberExpression
813¿Identifier¿¿880¿Object¿¿¿{"start":{"line":70,"column":16},"end":{"line":70,"column":22},"fname":"/datasets/secbench-dataset/CWE-471/component-flatten_1.0.1/src/index.js"}¿¿Identifier
814¿Identifier¿¿880¿keys¿¿¿{"start":{"line":70,"column":23},"end":{"line":70,"column":27},"fname":"/datasets/secbench-dataset/CWE-471/component-flatten_1.0.1/src/index.js"}¿¿Identifier
815¿Identifier¿¿880¿locals¿¿¿{"start":{"line":70,"column":28},"end":{"line":70,"column":34},"fname":"/datasets/secbench-dataset/CWE-471/component-flatten_1.0.1/src/index.js"}¿¿Identifier
816¿VariableDeclarator¿¿880¿i¿¿¿{"start":{"line":71,"column":13},"end":{"line":71,"column":18},"fname":"/datasets/secbench-dataset/CWE-471/component-flatten_1.0.1/src/index.js"}¿¿VariableDeclarator
817¿Literal¿number¿880¿¿0¿¿{"start":{"line":71,"column":17},"end":{"line":71,"column":18},"fname":"/datasets/secbench-dataset/CWE-471/component-flatten_1.0.1/src/index.js"}¿¿Literal
818¿VariableDeclarator¿¿880¿v84¿¿¿{"start":{"line":71,"column":24},"end":{"line":71,"column":36},"fname":"/datasets/secbench-dataset/CWE-471/component-flatten_1.0.1/src/index.js"}¿¿VariableDeclarator
819¿MemberExpression¿¿880¿¿¿¿{"start":{"line":71,"column":24},"end":{"line":71,"column":36},"fname":"/datasets/secbench-dataset/CWE-471/component-flatten_1.0.1/src/index.js"}¿¿MemberExpression
820¿Identifier¿¿880¿names¿¿¿{"start":{"line":71,"column":24},"end":{"line":71,"column":29},"fname":"/datasets/secbench-dataset/CWE-471/component-flatten_1.0.1/src/index.js"}¿¿Identifier
821¿Identifier¿¿880¿length¿¿¿{"start":{"line":71,"column":30},"end":{"line":71,"column":36},"fname":"/datasets/secbench-dataset/CWE-471/component-flatten_1.0.1/src/index.js"}¿¿Identifier
822¿VariableDeclarator¿¿880¿v85¿¿¿{"start":{"line":71,"column":20},"end":{"line":71,"column":36},"fname":"/datasets/secbench-dataset/CWE-471/component-flatten_1.0.1/src/index.js"}¿¿VariableDeclarator
823¿BinaryExpression¿<¿880¿¿¿¿{"start":{"line":71,"column":20},"end":{"line":71,"column":36},"fname":"/datasets/secbench-dataset/CWE-471/component-flatten_1.0.1/src/index.js"}¿¿BinaryExpression
824¿Identifier¿¿880¿i¿¿¿{"start":{"line":71,"column":20},"end":{"line":71,"column":21},"fname":"/datasets/secbench-dataset/CWE-471/component-flatten_1.0.1/src/index.js"}¿¿Identifier
825¿Identifier¿¿880¿v84¿¿¿¿¿Identifier
826¿WhileStatement¿¿880¿¿¿¿{"start":{"line":71,"column":4},"end":{"line":72,"column":32},"fname":"/datasets/secbench-dataset/CWE-471/component-flatten_1.0.1/src/index.js"}¿¿WhileStatement
827¿Identifier¿¿880¿v85¿¿¿¿¿Identifier
828¿VariableDeclarator¿¿880¿v87¿¿¿{"start":{"line":72,"column":22},"end":{"line":72,"column":30},"fname":"/datasets/secbench-dataset/CWE-471/component-flatten_1.0.1/src/index.js"}¿¿VariableDeclarator
829¿MemberExpression¿computed¿880¿¿¿¿{"start":{"line":72,"column":22},"end":{"line":72,"column":30},"fname":"/datasets/secbench-dataset/CWE-471/component-flatten_1.0.1/src/index.js"}¿¿MemberExpression
830¿Identifier¿¿880¿names¿¿¿{"start":{"line":72,"column":22},"end":{"line":72,"column":27},"fname":"/datasets/secbench-dataset/CWE-471/component-flatten_1.0.1/src/index.js"}¿¿Identifier
831¿Identifier¿¿880¿i¿¿¿{"start":{"line":72,"column":28},"end":{"line":72,"column":29},"fname":"/datasets/secbench-dataset/CWE-471/component-flatten_1.0.1/src/index.js"}¿¿Identifier
832¿VariableDeclarator¿¿880¿v88¿¿¿{"start":{"line":72,"column":15},"end":{"line":72,"column":31},"fname":"/datasets/secbench-dataset/CWE-471/component-flatten_1.0.1/src/index.js"}¿¿VariableDeclarator
833¿MemberExpression¿computed¿880¿¿¿¿{"start":{"line":72,"column":15},"end":{"line":72,"column":31},"fname":"/datasets/secbench-dataset/CWE-471/component-flatten_1.0.1/src/index.js"}¿¿MemberExpression
834¿Identifier¿¿880¿locals¿¿¿{"start":{"line":72,"column":15},"end":{"line":72,"column":21},"fname":"/datasets/secbench-dataset/CWE-471/component-flatten_1.0.1/src/index.js"}¿¿Identifier
835¿Identifier¿¿880¿v87¿¿¿¿¿Identifier
836¿VariableDeclarator¿¿880¿v89¿¿¿{"start":{"line":72,"column":6},"end":{"line":72,"column":32},"fname":"/datasets/secbench-dataset/CWE-471/component-flatten_1.0.1/src/index.js"}¿¿VariableDeclarator
837¿CallExpression¿¿880¿¿¿¿{"start":{"line":72,"column":6},"end":{"line":72,"column":32},"fname":"/datasets/secbench-dataset/CWE-471/component-flatten_1.0.1/src/index.js"}¿¿CallExpression
838¿Identifier¿¿880¿traverse¿¿¿{"start":{"line":72,"column":6},"end":{"line":72,"column":14},"fname":"/datasets/secbench-dataset/CWE-471/component-flatten_1.0.1/src/index.js"}¿¿Identifier
839¿Identifier¿¿880¿v88¿¿¿¿¿Identifier
840¿ExpressionStatement¿¿880¿¿¿¿{"start":{"line":72,"column":6},"end":{"line":72,"column":32},"fname":"/datasets/secbench-dataset/CWE-471/component-flatten_1.0.1/src/index.js"}¿¿ExpressionStatement
841¿Identifier¿¿880¿v89¿¿¿¿¿Identifier
842¿VariableDeclarator¿¿880¿v86¿¿¿{"start":{"line":71,"column":38},"end":{"line":71,"column":41},"fname":"/datasets/secbench-dataset/CWE-471/component-flatten_1.0.1/src/index.js"}¿¿VariableDeclarator
843¿UpdateExpression¿¿880¿¿¿¿{"start":{"line":71,"column":38},"end":{"line":71,"column":41},"fname":"/datasets/secbench-dataset/CWE-471/component-flatten_1.0.1/src/index.js"}¿¿UpdateExpression
844¿Identifier¿¿880¿i¿¿¿{"start":{"line":71,"column":38},"end":{"line":71,"column":39},"fname":"/datasets/secbench-dataset/CWE-471/component-flatten_1.0.1/src/index.js"}¿¿Identifier
845¿ExpressionStatement¿¿880¿¿¿¿{"start":{"line":71,"column":4},"end":{"line":72,"column":32},"fname":"/datasets/secbench-dataset/CWE-471/component-flatten_1.0.1/src/index.js"}¿¿ExpressionStatement
846¿AssignmentExpression¿=¿880¿¿¿¿{"start":{"line":71,"column":4},"end":{"line":72,"column":32},"fname":"/datasets/secbench-dataset/CWE-471/component-flatten_1.0.1/src/index.js"}¿¿AssignmentExpression
847¿Identifier¿¿880¿v85¿¿¿{"start":{"line":71,"column":4},"end":{"line":72,"column":32},"fname":"/datasets/secbench-dataset/CWE-471/component-flatten_1.0.1/src/index.js"}¿¿Identifier
848¿BinaryExpression¿<¿880¿¿¿¿{"start":{"line":71,"column":20},"end":{"line":71,"column":36},"fname":"/datasets/secbench-dataset/CWE-471/component-flatten_1.0.1/src/index.js"}¿¿BinaryExpression
849¿Identifier¿¿880¿i¿¿¿{"start":{"line":71,"column":20},"end":{"line":71,"column":21},"fname":"/datasets/secbench-dataset/CWE-471/component-flatten_1.0.1/src/index.js"}¿¿Identifier
850¿Identifier¿¿880¿v84¿¿¿¿¿Identifier
851¿BlockStatement¿¿880¿¿¿¿¿¿BlockStatement
852¿BlockStatement¿¿880¿¿¿¿{"start":{"line":67,"column":34},"end":{"line":73,"column":3},"fname":"/datasets/secbench-dataset/CWE-471/component-flatten_1.0.1/src/index.js"}¿¿BlockStatement
853¿BlockStatement¿¿862¿¿¿¿{"start":{"line":13,"column":33},"end":{"line":74,"column":1},"fname":"/datasets/secbench-dataset/CWE-471/component-flatten_1.0.1/src/index.js"}¿¿BlockStatement
854¿ExpressionStatement¿¿860¿¿¿¿{"start":{"line":13,"column":0},"end":{"line":74,"column":1},"fname":"/datasets/secbench-dataset/CWE-471/component-flatten_1.0.1/src/index.js"}¿¿ExpressionStatement
855¿AssignmentExpression¿=¿860¿¿¿¿{"start":{"line":13,"column":0},"end":{"line":74,"column":1},"fname":"/datasets/secbench-dataset/CWE-471/component-flatten_1.0.1/src/index.js"}¿¿AssignmentExpression
856¿MemberExpression¿¿860¿¿¿¿{"start":{"line":13,"column":0},"end":{"line":13,"column":14},"fname":"/datasets/secbench-dataset/CWE-471/component-flatten_1.0.1/src/index.js"}¿¿MemberExpression
857¿Identifier¿¿860¿module¿¿¿{"start":{"line":13,"column":0},"end":{"line":13,"column":6},"fname":"/datasets/secbench-dataset/CWE-471/component-flatten_1.0.1/src/index.js"}¿¿Identifier
858¿Identifier¿¿860¿exports¿¿¿{"start":{"line":13,"column":7},"end":{"line":13,"column":14},"fname":"/datasets/secbench-dataset/CWE-471/component-flatten_1.0.1/src/index.js"}¿¿Identifier
859¿Identifier¿¿860¿v90¿¿¿¿¿Identifier
860¿CFG_F_START¿¿860¿__main__¿¿¿¿¿CFG_F_START
861¿CFG_F_END¿¿0¿__main__¿¿¿¿¿CFG_F_END
862¿CFG_F_START¿¿862¿501_anon¿¿¿¿¿CFG_F_START
863¿CFG_F_END¿¿0¿501_anon¿¿¿¿¿CFG_F_END
864¿CFG_F_START¿¿864¿526_anon¿¿¿¿¿CFG_F_START
865¿CFG_F_END¿¿0¿526_anon¿¿¿¿¿CFG_F_END
866¿CFG_IF_END¿¿0¿546¿¿¿¿¿CFG_IF_END
867¿CFG_F_START¿¿867¿556_anon¿¿¿¿¿CFG_F_START
868¿CFG_F_END¿¿0¿556_anon¿¿¿¿¿CFG_F_END
869¿CFG_IF_END¿¿0¿564¿¿¿¿¿CFG_IF_END
870¿CFG_F_START¿¿870¿601_anon¿¿¿¿¿CFG_F_START
871¿CFG_F_END¿¿0¿601_anon¿¿¿¿¿CFG_F_END
872¿CFG_F_START¿¿872¿648_anon¿¿¿¿¿CFG_F_START
873¿CFG_F_END¿¿0¿648_anon¿¿¿¿¿CFG_F_END
874¿CFG_IF_END¿¿0¿659¿¿¿¿¿CFG_IF_END
875¿CFG_IF_END¿¿0¿691¿¿¿¿¿CFG_IF_END
876¿CFG_F_START¿¿876¿740_anon¿¿¿¿¿CFG_F_START
877¿CFG_F_END¿¿0¿740_anon¿¿¿¿¿CFG_F_END
878¿CFG_IF_END¿¿0¿749¿¿¿¿¿CFG_IF_END
879¿CFG_WHILE_END¿¿0¿¿¿¿¿¿CFG_WHILE_END
880¿CFG_F_START¿¿880¿797_anon¿¿¿¿¿CFG_F_START
881¿CFG_F_END¿¿0¿797_anon¿¿¿¿¿CFG_F_END
882¿CFG_IF_END¿¿0¿806¿¿¿¿¿CFG_IF_END
883¿CFG_WHILE_END¿¿0¿¿¿¿¿¿CFG_WHILE_END
884¿TAINT_SOURCE¿¿0¿TAINT_SOURCE¿¿¿¿¿TAINT_SOURCE
885¿PDG_CALL¿¿860¿860.CALL->require-o105¿¿¿¿¿PDG_CALL
886¿PDG_OBJECT¿¿0¿860.semver-o106¿¿¿¿¿PDG_OBJECT
887¿TAINT_SINK¿¿0¿require¿¿¿¿¿TAINT_SINK
888¿PDG_OBJECT¿¿0¿862.this-o107¿¿¿¿¿PDG_OBJECT
889¿PDG_OBJECT¿¿0¿862.tree-o108¿¿¿¿¿PDG_OBJECT
890¿PDG_OBJECT¿¿0¿860.v90-o109¿¿¿¿¿PDG_OBJECT
891¿PDG_OBJECT¿¿0¿860.module-o110¿¿¿¿¿PDG_OBJECT
892¿PDG_OBJECT¿¿0¿860.module.exports-o111¿¿¿¿¿PDG_OBJECT
893¿PDG_OBJECT¿¿0¿862.resolved-o112¿¿¿¿¿PDG_OBJECT
894¿PDG_OBJECT¿¿0¿862.deps-o113¿¿¿¿¿PDG_OBJECT
895¿PDG_OBJECT¿¿0¿862.dependencies-o114¿¿¿¿¿PDG_OBJECT
896¿PDG_OBJECT¿¿0¿862.locals-o115¿¿¿¿¿PDG_OBJECT
897¿PDG_OBJECT¿¿0¿862.duplicates-o116¿¿¿¿¿PDG_OBJECT
898¿PDG_CALL¿¿862¿862.CALL->traverse-o117¿¿¿¿¿PDG_CALL
899¿PDG_OBJECT¿¿0¿862.v46-o118¿¿¿¿¿PDG_OBJECT
900¿PDG_CALL¿¿862¿862.CALL->Object.keys-o119¿¿¿¿¿PDG_CALL
901¿PDG_OBJECT¿¿0¿862.v47-o120¿¿¿¿¿PDG_OBJECT
902¿PDG_OBJECT¿¿0¿864.this-o121¿¿¿¿¿PDG_OBJECT
903¿PDG_OBJECT¿¿0¿864.name-o122¿¿¿¿¿PDG_OBJECT
904¿PDG_OBJECT¿¿0¿862.v61-o123¿¿¿¿¿PDG_OBJECT
905¿PDG_CALL¿¿862¿862.CALL->v47.forEach-o124¿¿¿¿¿PDG_CALL
906¿PDG_OBJECT¿¿0¿862.v62-o125¿¿¿¿¿PDG_OBJECT
907¿PDG_CALL¿¿862¿862.CALL->dependencies.concat-o126¿¿¿¿¿PDG_CALL
908¿PDG_OBJECT¿¿0¿862.out-o127¿¿¿¿¿PDG_OBJECT
909¿PDG_OBJECT¿¿0¿862.out-o128¿¿¿¿¿PDG_OBJECT
910¿PDG_OBJECT¿¿0¿862.out.duplicates-o129¿¿¿¿¿PDG_OBJECT
911¿PDG_RETURN¿¿0¿862.RET_OBJ-o130¿¿¿¿¿PDG_RETURN
912¿PDG_OBJECT¿¿0¿872.this-o131¿¿¿¿¿PDG_OBJECT
913¿PDG_OBJECT¿¿0¿872.branch-o132¿¿¿¿¿PDG_OBJECT
914¿PDG_OBJECT¿¿0¿862.traverse-o133¿¿¿¿¿PDG_OBJECT
915¿PDG_OBJECT¿¿0¿876.this-o134¿¿¿¿¿PDG_OBJECT
916¿PDG_OBJECT¿¿0¿876.branch-o135¿¿¿¿¿PDG_OBJECT
917¿PDG_OBJECT¿¿0¿862.traverseDeps-o136¿¿¿¿¿PDG_OBJECT
918¿PDG_OBJECT¿¿0¿880.this-o137¿¿¿¿¿PDG_OBJECT
919¿PDG_OBJECT¿¿0¿880.branch-o138¿¿¿¿¿PDG_OBJECT
920¿PDG_OBJECT¿¿0¿862.traverseLocals-o139¿¿¿¿¿PDG_OBJECT
921¿PDG_OBJECT¿¿0¿864.deps.*-o140¿¿¿¿¿PDG_OBJECT
922¿PDG_CALL¿¿864¿864.CALL->Object.keys-o141¿¿¿¿¿PDG_CALL
923¿PDG_OBJECT¿¿0¿864.releases-o142¿¿¿¿¿PDG_OBJECT
924¿PDG_OBJECT¿¿0¿864.releases.length-o143¿¿¿¿¿PDG_OBJECT
925¿PDG_OBJECT¿¿0¿864.v49-o144¿¿¿¿¿PDG_OBJECT
926¿PDG_OBJECT¿¿0¿864.duplicates-o145¿¿¿¿¿PDG_OBJECT
927¿PDG_OBJECT¿¿0¿864.duplicates.*-o146¿¿¿¿¿PDG_OBJECT
928¿PDG_OBJECT¿¿0¿867.this-o147¿¿¿¿¿PDG_OBJECT
929¿PDG_OBJECT¿¿0¿867.release-o148¿¿¿¿¿PDG_OBJECT
930¿PDG_OBJECT¿¿0¿864.v53-o149¿¿¿¿¿PDG_OBJECT
931¿PDG_CALL¿¿864¿864.CALL->releases.filter-o150¿¿¿¿¿PDG_CALL
932¿PDG_OBJECT¿¿0¿864.v54-o151¿¿¿¿¿PDG_OBJECT
933¿PDG_OBJECT¿¿0¿864.semver.compare-o152¿¿¿¿¿PDG_OBJECT
934¿PDG_CALL¿¿864¿864.CALL->v54.sort-o153¿¿¿¿¿PDG_CALL
935¿PDG_OBJECT¿¿0¿864.v56-o154¿¿¿¿¿PDG_OBJECT
936¿PDG_OBJECT¿¿0¿870.this-o155¿¿¿¿¿PDG_OBJECT
937¿PDG_OBJECT¿¿0¿870.release-o156¿¿¿¿¿PDG_OBJECT
938¿PDG_OBJECT¿¿0¿864.v59-o157¿¿¿¿¿PDG_OBJECT
939¿PDG_CALL¿¿864¿864.CALL->v56.forEach-o158¿¿¿¿¿PDG_CALL
940¿PDG_OBJECT¿¿0¿864.v60-o159¿¿¿¿¿PDG_OBJECT
941¿PDG_CALL¿¿867¿867.CALL->semver.valid-o160¿¿¿¿¿PDG_CALL
942¿PDG_OBJECT¿¿0¿867.v50-o161¿¿¿¿¿PDG_OBJECT
943¿PDG_RETURN¿¿0¿867.RET_OBJ-o162¿¿¿¿¿PDG_RETURN
944¿PDG_OBJECT¿¿0¿867.branches.*-o163¿¿¿¿¿PDG_OBJECT
945¿PDG_CALL¿¿867¿867.CALL->dependencies.push-o164¿¿¿¿¿PDG_CALL
946¿PDG_OBJECT¿¿0¿867.v52-o165¿¿¿¿¿PDG_OBJECT
947¿PDG_RETURN¿¿0¿867.RET_OBJ-o166¿¿¿¿¿PDG_RETURN
948¿PDG_CALL¿¿870¿870.CALL->dependencies.push-o167¿¿¿¿¿PDG_CALL
949¿PDG_OBJECT¿¿0¿870.v58-o168¿¿¿¿¿PDG_OBJECT
950¿PDG_CALL¿¿872¿872.CALL->resolved.indexOf-o169¿¿¿¿¿PDG_CALL
951¿PDG_OBJECT¿¿0¿872.v63-o170¿¿¿¿¿PDG_OBJECT
952¿PDG_CALL¿¿872¿872.CALL->resolved.push-o171¿¿¿¿¿PDG_CALL
953¿PDG_OBJECT¿¿0¿872.v65-o172¿¿¿¿¿PDG_OBJECT
954¿PDG_CALL¿¿872¿872.CALL->traverseDeps-o173¿¿¿¿¿PDG_CALL
955¿PDG_OBJECT¿¿0¿872.v66-o174¿¿¿¿¿PDG_OBJECT
956¿PDG_CALL¿¿872¿872.CALL->traverseLocals-o175¿¿¿¿¿PDG_CALL
957¿PDG_OBJECT¿¿0¿872.v67-o176¿¿¿¿¿PDG_OBJECT
958¿PDG_OBJECT¿¿0¿872.branch.type-o177¿¿¿¿¿PDG_OBJECT
959¿PDG_OBJECT¿¿0¿872.v69-o178¿¿¿¿¿PDG_OBJECT
960¿PDG_CALL¿¿872¿872.CALL->locals.push-o179¿¿¿¿¿PDG_CALL
961¿PDG_OBJECT¿¿0¿872.v70-o180¿¿¿¿¿PDG_OBJECT
962¿PDG_RETURN¿¿0¿872.RET_OBJ-o181¿¿¿¿¿PDG_RETURN
963¿PDG_OBJECT¿¿0¿872.branch.name-o182¿¿¿¿¿PDG_OBJECT
964¿PDG_OBJECT¿¿0¿872.v74-o183¿¿¿¿¿PDG_OBJECT
965¿PDG_OBJECT¿¿0¿872.deps-o184¿¿¿¿¿PDG_OBJECT
966¿PDG_OBJECT¿¿0¿872.deps.*-o185¿¿¿¿¿PDG_OBJECT
967¿PDG_OBJECT¿¿0¿872.branch.ref-o186¿¿¿¿¿PDG_OBJECT
968¿PDG_OBJECT¿¿0¿872.releases-o187¿¿¿¿¿PDG_OBJECT
969¿PDG_OBJECT¿¿0¿872.releases.*-o188¿¿¿¿¿PDG_OBJECT
970¿PDG_OBJECT¿¿0¿876.branch.dependencies-o189¿¿¿¿¿PDG_OBJECT
971¿PDG_CALL¿¿876¿876.CALL->Object.keys-o190¿¿¿¿¿PDG_CALL
972¿PDG_OBJECT¿¿0¿876.names-o191¿¿¿¿¿PDG_OBJECT
973¿PDG_OBJECT¿¿0¿876.names.length-o192¿¿¿¿¿PDG_OBJECT
974¿PDG_OBJECT¿¿0¿876.v78-o193¿¿¿¿¿PDG_OBJECT
975¿PDG_OBJECT¿¿0¿876.names.*-o194¿¿¿¿¿PDG_OBJECT
976¿PDG_OBJECT¿¿0¿876.deps.*-o195¿¿¿¿¿PDG_OBJECT
977¿PDG_CALL¿¿876¿876.CALL->traverse-o196¿¿¿¿¿PDG_CALL
978¿PDG_OBJECT¿¿0¿876.v82-o197¿¿¿¿¿PDG_OBJECT
979¿PDG_OBJECT¿¿0¿876.v78-o198¿¿¿¿¿PDG_OBJECT
980¿PDG_OBJECT¿¿0¿880.branch.locals-o199¿¿¿¿¿PDG_OBJECT
981¿PDG_CALL¿¿880¿880.CALL->Object.keys-o200¿¿¿¿¿PDG_CALL
982¿PDG_OBJECT¿¿0¿880.names-o201¿¿¿¿¿PDG_OBJECT
983¿PDG_OBJECT¿¿0¿880.names.length-o202¿¿¿¿¿PDG_OBJECT
984¿PDG_OBJECT¿¿0¿880.v85-o203¿¿¿¿¿PDG_OBJECT
985¿PDG_OBJECT¿¿0¿880.names.*-o204¿¿¿¿¿PDG_OBJECT
986¿PDG_OBJECT¿¿0¿880.locals.*-o205¿¿¿¿¿PDG_OBJECT
987¿PDG_CALL¿¿880¿880.CALL->traverse-o206¿¿¿¿¿PDG_CALL
988¿PDG_OBJECT¿¿0¿880.v89-o207¿¿¿¿¿PDG_OBJECT
989¿PDG_OBJECT¿¿0¿880.v85-o208¿¿¿¿¿PDG_OBJECT
